shapes input 2
/home/wzheng/tmpdir/ipc.27334.27334.1623354869955210.1954744464/dual.msh 0 0 0 0 0 0 1 1 1 material 1000 9000000 0.47999999999999998224 initVel 0 0 0 0 0 0
/home/wzheng/tmpdir/ipc.27334.27334.1623354869955210.1954744464/plate.msh 0 0 0 0 0 0 1 1 1 material 1000 1000000 0.47999999999999998224 linearVelocity 0 -0.0010000000000000000208 0
timeIntegration BE
time 10 0.050000000000000002776
ground 0.10000000000000000555 -0.00048999999999999998418
selfFric 0.10000000000000000555
tuning 6
0
0.00050000000000000001041
0.00050000000000000001041
1.0000000000000000623e-09
0.0010000000000000000208
0.0010000000000000000208
